1
20 30
76 36 17 11 86 79 55 65 32 9 4 4 6 18 96 4 26 43 78 26 18 65 59 41 35 83 52 86 74 56 
26 84 80 97 63 39 30 38 93 27 89 75 69 40 93 57 30 10 43 23 73 68 55 45 15 43 89 57 59 63 
51 59 32 1 36 25 75 82 44 81 92 51 5 84 6 89 62 60 10 67 48 64 87 37 59 89 59 93 25 4 
70 55 53 78 52 41 19 54 19 3 80 48 8 81 74 67 27 48 27 85 16 95 27 77 27 40 16 70 67 62 
90 92 17 82 41 10 69 36 91 93 10 91 53 7 27 20 83 70 16 35 35 21 32 63 5 77 20 59 9 37 
96 29 61 87 8 14 19 94 98 74 27 61 10 40 43 37 99 70 29 79 61 71 12 78 76 40 41 82 63 5 
55 76 27 9 24 95 37 88 44 49 34 62 82 53 55 47 74 64 45 68 20 24 94 94 25 81 75 88 67 49 
14 76 66 40 13 96 63 56 12 58 68 86 82 42 95 99 35 4 53 1 74 12 65 98 45 76 83 99 73 20 
15 39 69 26 19 58 79 63 26 24 14 81 73 66 42 16 59 7 46 61 25 61 48 20 69 38 79 1 90 13 
26 57 75 81 24 6 9 59 41 46 73 58 15 63 99 86 11 32 88 39 92 46 64 14 36 22 32 87 99 21 
85 8 46 44 42 24 93 21 60 97 11 19 66 30 31 65 91 54 52 92 27 46 55 70 74 80 54 62 77 15 
26 6 9 92 5 36 78 31 27 55 66 24 52 44 71 38 88 66 95 1 77 67 65 10 40 95 9 99 59 19 
82 54 23 19 91 83 49 48 61 53 50 89 98 2 67 20 82 41 64 47 19 78 55 53 69 33 12 53 93 5 
25 78 92 27 95 2 44 24 72 24 78 3 65 99 54 43 27 82 96 43 29 36 73 54 71 68 14 48 59 64 
93 94 16 15 50 5 45 85 23 49 72 49 81 17 70 49 60 72 25 47 10 67 53 87 45 44 68 81 2 29 
35 13 83 14 49 17 31 20 12 63 91 17 46 11 67 13 3 97 68 78 58 42 100 49 2 84 50 23 13 54 
20 57 54 87 34 65 51 23 30 68 90 98 44 38 18 59 43 54 29 33 69 85 22 40 34 77 19 50 87 70 
26 47 100 58 91 74 52 18 32 40 34 72 83 20 13 23 32 33 68 79 55 84 11 68 43 17 50 91 49 50 
62 2 8 55 37 65 82 23 43 37 70 51 9 49 100 39 17 11 70 48 43 26 11 75 28 87 15 58 85 54 
48 34 45 15 12 46 80 44 51 99 20 48 14 34 18 59 18 62 7 4 65 62 7 53 20 99 6 85 21 45 
15 40 32 17 46 35 38 38 42 14 37 14 50 34 41 43 40 35 19 21 15 26 42 14 30 44 21 30 26 22 
30 12 45 24 12 13 32 15 25 42 27 15 16 23 40 40 19 24 25 20 18 34 38 17 27 23 19 30 15 11 
44 45 24 12 19 13 26 39 18 21 28 16 20 22 40 14 12 50 13 28 17 40 10 14 50 32 39 45 21 18 
45 48 28 31 12 41 12 14 13 34 35 18 26 28 14 31 41 19 36 19 11 33 44 30 43 50 35 24 20 39 
21 50 12 23 28 47 41 14 41 49 12 23 13 27 37 23 37 36 17 42 14 32 47 17 29 32 34 28 23 39 
18 45 17 17 10 31 23 36 18 27 22 22 38 24 28 32 39 34 11 50 35 33 41 46 46 23 37 49 16 45 
33 42 37 18 46 14 34 23 25 38 41 18 26 32 18 26 36 25 39 11 48 30 11 14 15 35 11 11 24 33 
36 31 23 47 18 43 40 36 32 41 38 20 50 40 14 27 27 15 24 31 24 13 25 11 25 24 24 49 14 12 
27 17 46 37 13 23 14 40 19 27 15 46 26 27 43 17 26 11 37 13 26 39 38 32 48 41 28 17 46 47 
18 26 14 29 22 22 15 33 36 36 15 38 35 27 17 20 43 27 25 42 50 50 39 41 47 26 19 37 13 42 
48 15 50 47 28 40 32 40 29 14 13 32 16 15 16 10 23 17 35 50 48 24 19 22 39 30 39 34 48 21 
13 11 32 14 14 10 29 19 16 48 10 17 25 11 37 47 43 39 10 12 37 49 21 17 35 38 45 37 26 32 
14 48 38 40 50 11 46 40 42 17 27 18 16 21 46 36 42 25 47 48 50 24 37 23 24 49 21 24 11 50 
15 22 50 40 23 37 42 49 14 20 36 13 41 23 31 48 44 44 42 10 41 46 29 18 48 23 39 35 24 39 
16 22 21 33 22 34 40 45 22 42 39 47 45 36 38 16 30 40 40 38 23 28 35 30 15 44 15 43 40 44 
35 23 26 17 12 31 12 13 19 29 31 38 24 49 16 47 36 33 43 42 37 26 19 47 39 40 44 10 42 27 
33 29 29 34 22 39 12 25 31 41 14 32 38 48 49 42 48 17 25 31 20 18 17 35 36 49 15 13 32 29 
12 36 41 22 11 38 13 25 13 26 35 22 22 28 32 33 28 49 35 46 22 15 44 14 44 11 34 49 38 32 
48 11 43 15 30 42 42 38 26 21 15 16 31 19 37 28 12 20 33 46 37 22 41 26 26 24 25 36 46 21 
39 44 14 18 41 21 48 34 14 11 15 35 44 41 11 20 45 47 31 35 31 39 48 12 40 37 43 19 12 40 
28 24 21 20 26 25 29 30 30 20 18 25 26 38 39 23 33 33 28 35 
